100 16
1 1640197784
2 -617561288 23284056
5 -1739517347 -1565901603 221033081 1304037451 1753758720
1 794034603
5 -2047147636 -1704570802 -1358315451 -306599958 1997021368
2 203930464 1084454653
5 -2098258084 -685674521 988168439 1031225309 1314159089
3 -1318858590 672753989 1396336301
1 620003259
3 -1015442601 6872944 28575051
4 -1531841086 -133948495 1508666845 1892906600
6 -1963497443 -534909005 652788888 1298656245 1627381117 1796344684
4 -1417218923 -1000904723 -180424676 1604749541
6 -62526161 -917673 393859415 543492563 765114993 1101765722
5 -2128499019 -1463223741 -755711374 -592796059 241736117
47 -1945261218 -1745306317 -1732772169 -1656271425 -1598847870 -1525067334 -1491637441 -1412460829 -1317894612 -1211470309 -1154477595 -1048934390 -885510560 -702455322 -595195937 -474592053 -464460447 -233496824 -197389957 -121546996 116814912 211761254 268847534 304219559 378871687 428026806 447572503 519075178 537094006 572350181 867980363 895984889 1130316151 1136052238 1306336817 1369717401 1432651116 1547717526 1593675638 1654795933 1745555939 1793556918 1883233825 1958251874 1969169645 2112514848 2128478894
